# Game Level Exporter v1.0
MESH
Carpet_Round
<Matrix 4x4 ( 5.8971, 0.0000,  0.0000, 0.0000)
            ( 0.0000, 5.8971, -0.0000, 0.0000)
            ( 0.0000, 0.0000,  5.8971, 0.0000)
            (-7.3043, 0.2289,  0.0000, 1.0000)>
MESH
Couch_Small2.006
<Matrix 4x4 (  0.0000, 0.0000,  1.0000, 0.0000)
            (  0.0000, 1.0000, -0.0000, 0.0000)
            ( -1.0000, 0.0000,  0.0000, 0.0000)
            (-11.3265, 0.2895, -1.1725, 1.0000)>
MESH
Couch_Small2.001
<Matrix 4x4 (-1.0000, 0.0000, -0.0017, 0.0000)
            (-0.0000, 1.0000,  0.0000, 0.0000)
            ( 0.0017, 0.0000, -1.0000, 0.0000)
            (-8.3500, 0.2612, -3.5163, 1.0000)>
MESH
Couch_Small2.002
<Matrix 4x4 (-1.0000, 0.0000, -0.0017, 0.0000)
            (-0.0000, 1.0000,  0.0000, 0.0000)
            ( 0.0017, 0.0000, -1.0000, 0.0000)
            (-6.1949, 0.2611, -3.5045, 1.0000)>
MESH
Couch_Small2.003
<Matrix 4x4 (  0.0000, 0.0000,  1.0000, 0.0000)
            (  0.0000, 1.0000, -0.0000, 0.0000)
            ( -1.0000, 0.0000,  0.0000, 0.0000)
            (-11.3359, 0.2867,  0.9495, 1.0000)>
MESH
Couch_Small2.004
<Matrix 4x4 ( 1.0000, 0.0000,  0.0000, 0.0000)
            ( 0.0000, 1.0000, -0.0000, 0.0000)
            ( 0.0000, 0.0000,  1.0000, 0.0000)
            (-6.1561, 0.2895,  3.3520, 1.0000)>
MESH
Couch_Small2.005
<Matrix 4x4 ( 1.0000, 0.0000,  0.0000, 0.0000)
            ( 0.0000, 1.0000, -0.0000, 0.0000)
            ( 0.0000, 0.0000,  1.0000, 0.0000)
            (-8.3847, 0.2867,  3.3245, 1.0000)>
MESH
Curtains_Double
<Matrix 4x4 ( 1.9710, 0.0000,  0.0000, 0.0000)
            ( 0.0000, 1.4449, -0.0000, 0.0000)
            ( 0.0000, 0.0000,  1.2265, 0.0000)
            (-9.5603, 1.1417, 14.6098, 1.0000)>
MESH
Curtains_Double.001
<Matrix 4x4 ( 1.9710, 0.0000,  0.0000, 0.0000)
            ( 0.0000, 1.4449, -0.0000, 0.0000)
            ( 0.0000, 0.0000,  1.2265, 0.0000)
            (-0.2577, 1.1086, 14.5817, 1.0000)>
MESH
Curtains_Double.002
<Matrix 4x4 (1.9710, 0.0000,  0.0000, 0.0000)
            (0.0000, 1.4449, -0.0000, 0.0000)
            (0.0000, 0.0000,  1.2265, 0.0000)
            (9.3084, 1.1058, 14.5905, 1.0000)>
MESH
Curtains_Double.003
<Matrix 4x4 ( -0.0000, 0.0000,  1.9710, 0.0000)
            (  0.0000, 1.4449,  0.0000, 0.0000)
            ( -1.2265, 0.0000, -0.0000, 0.0000)
            (-14.5710, 1.1198, -9.5478, 1.0000)>
MESH
Curtains_Double.004
<Matrix 4x4 ( -0.0000, 0.0000,  1.9710, 0.0000)
            (  0.0000, 1.4449,  0.0000, 0.0000)
            ( -1.2265, 0.0000, -0.0000, 0.0000)
            (-14.5299, 1.0868,  0.3701, 1.0000)>
MESH
Curtains_Double.005
<Matrix 4x4 ( -0.0000, 0.0000,  1.9710, 0.0000)
            (  0.0000, 1.4449,  0.0000, 0.0000)
            ( -1.2265, 0.0000, -0.0000, 0.0000)
            (-14.5587, 1.0840,  9.8367, 1.0000)>
MESH
Window_Large1.001
<Matrix 4x4 ( 1.4160, 0.0000,  0.0000, 0.0000)
            ( 0.0000, 2.2534, -0.0000, 0.0000)
            ( 0.0000, 0.0000,  0.9713, 0.0000)
            (-1.5682, 2.8769, 14.8394, 1.0000)>
MESH
Window_Large1.002
<Matrix 4x4 (1.4160, 0.0000,  0.0000, 0.0000)
            (0.0000, 2.2534, -0.0000, 0.0000)
            (0.0000, 0.0000,  0.9713, 0.0000)
            (1.3076, 2.8792, 14.8369, 1.0000)>
MESH
Window_Large1.003
<Matrix 4x4 (  1.4160, 0.0000,  0.0000, 0.0000)
            (  0.0000, 2.2534, -0.0000, 0.0000)
            (  0.0000, 0.0000,  0.9713, 0.0000)
            (-10.9538, 2.9849, 14.8023, 1.0000)>
MESH
Window_Large1.004
<Matrix 4x4 ( 1.4160, 0.0000,  0.0000, 0.0000)
            ( 0.0000, 2.2534, -0.0000, 0.0000)
            ( 0.0000, 0.0000,  0.9713, 0.0000)
            (-8.0780, 2.9873, 14.7998, 1.0000)>
MESH
Window_Large1.005
<Matrix 4x4 (1.4160, 0.0000,  0.0000, 0.0000)
            (0.0000, 2.2534, -0.0000, 0.0000)
            (0.0000, 0.0000,  0.9713, 0.0000)
            (7.5511, 3.0737, 14.7304, 1.0000)>
MESH
Window_Large1.006
<Matrix 4x4 ( 1.4160, 0.0000,  0.0000, 0.0000)
            ( 0.0000, 2.2534, -0.0000, 0.0000)
            ( 0.0000, 0.0000,  0.9713, 0.0000)
            (10.4270, 3.0760, 14.7279, 1.0000)>
MESH
Bed_King.002
<Matrix 4x4 (-0.0000, 0.0000, -1.7595, 0.0000)
            (-0.0000, 1.7595,  0.0000, 0.0000)
            ( 1.7595, 0.0000, -0.0000, 0.0000)
            (11.0623, 0.2604, -0.3785, 1.0000)>
MESH
NightStand_2
<Matrix 4x4 (-0.0000, 0.0000, -1.5091, 0.0000)
            (-0.0000, 1.5091,  0.0000, 0.0000)
            ( 1.5091, 0.0000, -0.0000, 0.0000)
            (13.5348, 0.1536, -4.4691, 1.0000)>
MESH
NightStand_2.001
<Matrix 4x4 (-0.0000, 0.0000, -1.5091, 0.0000)
            (-0.0000, 1.5091,  0.0000, 0.0000)
            ( 1.5091, 0.0000, -0.0000, 0.0000)
            (13.5540, 0.1677,  3.8072, 1.0000)>
MESH
Light_Stand2.002
<Matrix 4x4 ( 1.7952, 0.0000,  0.0000, 0.0000)
            ( 0.0000, 1.7952, -0.0000, 0.0000)
            ( 0.0000, 0.0000,  1.7952, 0.0000)
            (13.0320, 0.7146,  5.0019, 1.0000)>
MESH
Light_Stand2.003
<Matrix 4x4 ( 1.7952, 0.0000,  0.0000, 0.0000)
            ( 0.0000, 1.7952, -0.0000, 0.0000)
            ( 0.0000, 0.0000,  1.7952, 0.0000)
            (13.7919, 0.1449, -6.0075, 1.0000)>
MESH
Carpet_1
<Matrix 4x4 (-0.0000, 0.0000,  3.1995, 0.0000)
            ( 0.0000, 1.2005,  0.0000, 0.0000)
            (-3.5319, 0.0000, -0.0000, 0.0000)
            ( 9.3385, 0.2304, -0.3575, 1.0000)>
MESH
Drawer_5
<Matrix 4x4 (-0.0000, 0.0000, -2.3732, 0.0000)
            (-0.0000, 1.9240,  0.0000, 0.0000)
            ( 1.3352, 0.0000, -0.0000, 0.0000)
            (-0.8291, 0.1419, -0.2374, 1.0000)>
MESH
MI SMART TV
<Matrix 4x4 (-0.0000, 0.0000, -2.1318, 0.0000)
            (-0.0000, 2.1318,  0.0000, 0.0000)
            ( 2.1318, 0.0000, -0.0000, 0.0000)
            (-1.5394, 2.6964, -0.2477, 1.0000)>
MESH
Table_RoundLarge
<Matrix 4x4 ( 1.0776, 0.0000,  0.0000, 0.0000)
            ( 0.0000, 1.0776, -0.0000, 0.0000)
            ( 0.0000, 0.0000,  1.0776, 0.0000)
            (-7.3834, 0.5790, -0.0576, 1.0000)>
MESH
Plate_3
<Matrix 4x4 ( 1.0000, 0.0000,  0.0000, 0.0000)
            ( 0.0000, 1.0000, -0.0000, 0.0000)
            ( 0.0000, 0.0000,  1.0000, 0.0000)
            (-8.8177, 1.7875, -0.5884, 1.0000)>
MESH
Plate_3.002
<Matrix 4x4 ( 1.0000, 0.0000,  0.0000, 0.0000)
            ( 0.0000, 1.0000, -0.0000, 0.0000)
            ( 0.0000, 0.0000,  1.0000, 0.0000)
            (-6.4706, 1.8037,  0.6189, 1.0000)>
MESH
Plate_3.003
<Matrix 4x4 ( 1.0000, 0.0000,  0.0000, 0.0000)
            ( 0.0000, 1.0000, -0.0000, 0.0000)
            ( 0.0000, 0.0000,  1.0000, 0.0000)
            (-6.4249, 1.8339, -0.7469, 1.0000)>
MESH
Houseplant_8
<Matrix 4x4 ( 1.0000, 0.0000,  0.0000, 0.0000)
            ( 0.0000, 1.0000, -0.0000, 0.0000)
            ( 0.0000, 0.0000,  1.0000, 0.0000)
            (-7.6265, 1.7592, -0.1168, 1.0000)>
MESH
Door_1
<Matrix 4x4 (-0.0000, 0.0000,  -1.0000, 0.0000)
            (-0.0000, 1.0000,   0.0000, 0.0000)
            ( 1.0000, 0.0000,  -0.0000, 0.0000)
            ( 1.5851, 0.1616, -14.8734, 1.0000)>
MESH
Door_1.001
<Matrix 4x4 (-1.0000, 0.0000,  -0.0000, 0.0000)
            (-0.0000, 1.0000,   0.0000, 0.0000)
            ( 0.0000, 0.0000,  -1.0000, 0.0000)
            (-1.8378, 0.1651, -14.8687, 1.0000)>
MESH
Light_Chandelier
<Matrix 4x4 (2.6851, 0.0000,  0.0000, 0.0000)
            (0.0000, 2.6851, -0.0000, 0.0000)
            (0.0000, 0.0000,  2.6851, 0.0000)
            (1.6507, 7.4789,  0.0000, 1.0000)>
MESH
Trashcan_Small2
<Matrix 4x4 ( 1.8068, 0.0000,   0.0000, 0.0000)
            ( 0.0000, 1.8068,  -0.0000, 0.0000)
            ( 0.0000, 0.0000,   1.8068, 0.0000)
            (14.0859, 0.2857, -14.0491, 1.0000)>
MESH
Bookshelf
<Matrix 4x4 ( 1.0000, 0.0000,   0.0000, 0.0000)
            ( 0.0000, 1.0000,  -0.0000, 0.0000)
            ( 0.0000, 0.0000,   1.0000, 0.0000)
            (11.4291, 0.2160, -14.1751, 1.0000)>
MESH
Bookshelf.001
<Matrix 4x4 (1.0000, 0.0000,   0.0000, 0.0000)
            (0.0000, 1.0000,  -0.0000, 0.0000)
            (0.0000, 0.0000,   1.0000, 0.0000)
            (6.8188, 0.2147, -14.1781, 1.0000)>
MESH
Light_Floor1
<Matrix 4x4 (2.7980, 0.0000,   0.0000, 0.0000)
            (0.0000, 2.7980,  -0.0000, 0.0000)
            (0.0000, 0.0000,   2.7980, 0.0000)
            (9.1347, 0.9925, -14.1976, 1.0000)>
MESH
Husky
<Matrix 4x4 (-1.0000, 0.0000, -0.0097, 0.0000)
            (-0.0000, 1.0000,  0.0000, 0.0000)
            ( 0.0097, 0.0000, -1.0000, 0.0000)
            ( 9.9919, 0.1190, -5.6933, 1.0000)>
MESH
ShibaInu
<Matrix 4x4 ( 0.5315, 0.0000,  0.0000, 0.0000)
            ( 0.0000, 0.5315, -0.0000, 0.0000)
            ( 0.0000, 0.0000,  0.5315, 0.0000)
            (10.0476, 1.6011, -1.6153, 1.0000)>
MESH
Cheeseburger
<Matrix 4x4 ( 0.1722, 0.0000,  0.0000, 0.0000)
            ( 0.0000, 0.1722, -0.0000, 0.0000)
            ( 0.0000, 0.0000,  0.1722, 0.0000)
            (-6.3855, 1.8971, -0.7452, 1.0000)>
MESH
Soda
<Matrix 4x4 (-0.1442, 0.0000, -0.0840, 0.0000)
            (-0.0000, 0.1669,  0.0000, 0.0000)
            ( 0.0840, 0.0000, -0.1442, 0.0000)
            (-9.0804, 1.7893, -0.3641, 1.0000)>
MESH
Sushi_Roll1
<Matrix 4x4 (-0.0015, -0.3326,  0.0000, 0.0000)
            ( 0.3326, -0.0015, -0.0000, 0.0000)
            ( 0.0000, -0.0000,  0.3326, 0.0000)
            (-6.4054,  1.8419,  0.6086, 1.0000)>
MESH
Sushi_Roll1.001
<Matrix 4x4 (-0.0015, -0.3326,  0.0000, 0.0000)
            ( 0.3326, -0.0015, -0.0000, 0.0000)
            ( 0.0000, -0.0000,  0.3326, 0.0000)
            (-6.4559,  1.8446,  0.6115, 1.0000)>
MESH
Sushi_Roll1.002
<Matrix 4x4 (-0.0015, -0.3326,  0.0000, 0.0000)
            ( 0.3326, -0.0015, -0.0000, 0.0000)
            ( 0.0000, -0.0000,  0.3326, 0.0000)
            (-6.5078,  1.8468,  0.6148, 1.0000)>
MESH
Sushi_Roll1.003
<Matrix 4x4 (-0.0015, -0.3326,  0.0000, 0.0000)
            ( 0.3326, -0.0015, -0.0000, 0.0000)
            ( 0.0000, -0.0000,  0.3326, 0.0000)
            (-6.5582,  1.8485,  0.6184, 1.0000)>
MESH
Soda.001
<Matrix 4x4 ( 0.1405, 0.0000,  0.0901, 0.0000)
            ( 0.0000, 0.1669, -0.0000, 0.0000)
            (-0.0901, 0.0000,  0.1405, 0.0000)
            (-6.7736, 1.7934,  0.5925, 1.0000)>
MESH
Hotdog
<Matrix 4x4 ( 0.1161, 0.0000,  0.0000, 0.0000)
            ( 0.0000, 0.1161, -0.0000, 0.0000)
            ( 0.0000, 0.0000,  0.1161, 0.0000)
            (-8.7755, 1.8236, -0.5599, 1.0000)>
MESH
Hotdog.001
<Matrix 4x4 ( 0.1161, 0.0000,  0.0000, 0.0000)
            ( 0.0000, 0.1161, -0.0000, 0.0000)
            ( 0.0000, 0.0000,  0.1161, 0.0000)
            (-8.8711, 1.8281, -0.5706, 1.0000)>
MESH
Fries
<Matrix 4x4 ( 0.0343, 0.0089, -0.1822, 0.0000)
            (-0.0468, 0.1796, -0.0000, 0.0000)
            ( 0.1763, 0.0459,  0.0354, 0.0000)
            (-6.6980, 1.8362, -0.7506, 1.0000)>
MESH
Soda.002
<Matrix 4x4 ( 0.0106, 0.0000, -0.1666, 0.0000)
            (-0.0000, 0.1669, -0.0000, 0.0000)
            ( 0.1666, 0.0000,  0.0106, 0.0000)
            (-6.1443, 1.7881, -0.6982, 1.0000)>
CAMERA
Camera
<Matrix 4x4 ( 0.6859,  0.0000,  0.7277, 0.0000)
            (-0.3240,  0.8954,  0.3054, 0.0000)
            (-0.6516, -0.4453,  0.6142, 0.0000)
            ( 7.3589,  4.9583, -6.9258, 1.0000)>
MESH
Floor
<Matrix 4x4 (15.0000,  0.0000,  0.0000, 0.0000)
            ( 0.0000,  0.0000, 15.0000, 0.0000)
            ( 0.0000, -0.1634,  0.0000, 0.0000)
            ( 0.0000,  0.0000,  0.0000, 1.0000)>
MESH
Plane.001
<Matrix 4x4 (15.0487, 0.0000,  0.0000, 0.0000)
            ( 0.0000, 3.9371, -0.0000, 0.0000)
            ( 0.0000, 0.0000, 17.3255, 0.0000)
            (-0.0122, 3.8464, 14.9826, 1.0000)>
MESH
Plane.002
<Matrix 4x4 (15.0487, 0.0000,   0.0000, 0.0000)
            ( 0.0000, 3.9371,  -0.0000, 0.0000)
            ( 0.0000, 0.0000,  17.3255, 0.0000)
            ( 0.1415, 3.9272, -14.9479, 1.0000)>
MESH
Plane.005
<Matrix 4x4 ( -0.0000, 0.0000, 15.0487, 0.0000)
            (  0.0000, 3.9371,  0.0000, 0.0000)
            (-17.3255, 0.0000, -0.0000, 0.0000)
            (-14.9576, 3.8108, -0.0744, 1.0000)>
MESH
Plane.003
<Matrix 4x4 ( -0.0000, 0.0000, 15.0487, 0.0000)
            (  0.0000, 3.9371,  0.0000, 0.0000)
            (-17.3255, 0.0000, -0.0000, 0.0000)
            ( 14.7422, 3.8638,  0.1438, 1.0000)>
MESH
Floor.001
<Matrix 4x4 (15.0000,  0.0000,  0.0000, 0.0000)
            ( 0.0000,  0.0000, 15.0000, 0.0000)
            ( 0.0000, -0.1634,  0.0000, 0.0000)
            ( 0.1473,  7.6920, -0.0908, 1.0000)>
